0,315
331,35
148,1
11,3
148,3
147,1
147,4
146,4
146,1
146,3
9,7
145,5
9,6
145,1
9,1
145,3
9,4
144,5
9,2
144,1
9,3
144,4
143,11
143,1
143,3
138,1
8,16
138,4
8,4
125,1
8,9
121,15
8,17
121,6
8,6
121,3
8,1
121,1
8,12
118,1
8,2
118,3
8,3
115,1
115,3
114,5
114,1
114,4
114,3
12,2
113,1
12,1
113,8
12,3
113,4
112,4
112,1
112,3
111,5
111,4
111,1
111,3
110,4
110,1
110,3
107,1
107,3
106,1
106,3
105,1
105,3
104,4
104,1
104,3
101,6
101,1
101,3
100,1
100,3
99,16
99,15
99,14
99,13
99,12
99,11
99,10
99,9
99,8
99,7
99,6
99,1
20,2
99,5
20,1
99,4
20,3
99,3
94,1
94,3
93,1
19,2
93,3
19,1
89,1
19,3
89,3
86,1
86,3
85,1
85,3
84,5
84,1
84,3
79,1
79,4
77,1
77,4
75,5
75,1
75,3
72,1
72,3
71,4
71,1
71,3
70,1
70,4
18,1
70,3
18,3
69,1
69,3
61,1
61,3
14,4
60,9
14,3
60,8
13,1
60,7
13,4
60,1
13,3
60,4
60,3
53,1
53,3
52,5
52,3
52,1
51,9
51,8
51,7
51,6
51,5
51,4
51,1
35,1
35,3
2,2
14,34
2,1
14,24
14,1
2,3
14,22
0,555
0,524
0,517
0,508
0,0
331,34
331,33
331,32
331,31
331,30
331,29
331,28
331,27
331,26
331,25
331,24
331,23
331,22
331,21
331,20
331,19
331,18
331,17
331,16
331,15
331,14
331,13
331,12
